$ 1 0.000005 0.0129812176855438 49 5 43
g 144 352 144 384 0
R 96 16 64 16 0 0 40 6 0 0 0.5
R 80 160 48 160 0 0 40 5 0 0 0.5
r 144 160 192 160 0 100
w 144 160 144 224 0
r 144 224 192 224 0 100
w 192 160 240 160 0
w 192 224 320 224 0
t 240 160 288 160 0 1 -5.494728063649996 0.09853952973968083 100
t 400 288 448 288 0 1 -5.589639809990714 0.09853952973968083 100
r 288 16 288 64 0 100
w 288 112 288 144 0
w 96 16 288 16 0
w 288 176 288 352 0
w 144 352 288 352 0
162 288 64 288 112 1 2.1024259 1 0 0
r 448 16 448 64 0 1000
w 448 64 448 160 0
w 448 304 448 352 0
w 288 352 368 352 0
w 448 272 448 160 0
w 448 160 512 160 0
t 512 160 560 160 0 1 -0.3118206602696052 0.6618911091830979 100
w 448 16 560 16 0
162 560 272 560 320 1 2.1024259 1 0 0
r 560 224 560 272 0 100
w 560 16 560 144 0
w 560 320 560 352 0
r 144 288 192 288 0 100
w 144 224 144 288 0
t 320 224 368 224 0 1 -5.494728064092083 0.09853952973968083 100
r 368 16 368 64 0 100
162 368 64 368 112 1 2.1024259 1 0 0
w 368 112 368 208 0
w 288 16 368 16 0
w 192 288 400 288 0
w 368 16 448 16 0
w 368 240 368 352 0
w 368 352 448 352 0
w 448 352 560 352 0
s 80 160 144 160 0 1 false
w 560 224 560 176 0
